                                                         Overall                                                    OH_adsorption                                                    OH_desorption                                                     CO_oxidation
configuration                    1                    0         0.0000000000000000E+00
        0.0000000000000000E+00         0.0000000000000000E+00         0.0000000000000000E+00         0.0000000000000000E+00
                             0                              0                              0                              0
configuration                    2                  319         1.0000000000000001E-01
        3.1346028440586512E-04         2.9382874683513295E-04         3.3272601692869541E-04         0.0000000000000000E+00
                           319                            158                            161                              0
configuration                    3                  712         2.0000000000000001E-01
        2.8088817184723205E-04         2.8341463766653384E-04         2.7838993469630189E-04         0.0000000000000000E+00
                           712                            354                            358                              0
configuration                    4                 1122         3.0000000000000004E-01
        2.6720981672369288E-04         2.6457077880966779E-04         2.6982077976629221E-04         0.0000000000000000E+00
                          1122                            558                            564                              0
configuration                    5                 1543         4.0000000000000002E-01
        2.5919277944276716E-04         2.5856411459828911E-04         2.5980933905917522E-04         0.0000000000000000E+00
                          1543                            764                            779                              0
configuration                    6                 2046         5.0000000000000000E-01
        2.4437748098898713E-04         2.3777414128538942E-04         2.5091658587056599E-04         0.0000000000000000E+00
                          2046                           1018                           1028                              0
configuration                    7                 2550         5.9999999999999998E-01
        2.3520237737898015E-04         2.2935359074413157E-04         2.4098729270892450E-04         0.0000000000000000E+00
                          2550                           1268                           1282                              0
configuration                    8                 3113         6.9999999999999996E-01
        2.2485343730902413E-04         2.1870824370383253E-04         2.3091627669232097E-04         0.0000000000000000E+00
                          3113                           1546                           1567                              0
configuration                    9                 3705         7.9999999999999993E-01
        2.1592347832775108E-04         2.1115739643608016E-04         2.2066134337291564E-04         0.0000000000000000E+00
                          3705                           1847                           1858                              0
configuration                   10                 4310         8.9999999999999991E-01
        2.0879197870750778E-04         2.0494436076676120E-04         2.1260405283355930E-04         0.0000000000000000E+00
                          4310                           2145                           2165                              0
configuration                   11                 5100         9.9999999999999989E-01
        1.9598962458373075E-04         1.9230161973878237E-04         1.9962307739126832E-04         0.0000000000000000E+00
                          5100                           2531                           2569                              0
configuration                   12                 5942         1.0999999999999999E+00
        1.8510509899782564E-04         1.8109137444294936E-04         1.8907582416008214E-04         0.0000000000000000E+00
                          5942                           2955                           2987                              0
configuration                   13                 6941         1.2000000000000000E+00
        1.7287600949406680E-04         1.6967818070361403E-04         1.7603446066768433E-04         0.0000000000000000E+00
                          6941                           3449                           3492                              0
configuration                   14                 7918         1.3000000000000000E+00
        1.6417312271192617E-04         1.6159023433973986E-04         1.6673004588308541E-04         0.0000000000000000E+00
                          7918                           3939                           3979                              0
configuration                   15                 8999         1.4000000000000001E+00
        1.5556363510949020E-04         1.5323451380852535E-04         1.5786855373498617E-04         0.0000000000000000E+00
                          8999                           4476                           4523                              0
configuration                   16                10202         1.5000000000000002E+00
        1.4702698563768144E-04         1.4561875833903417E-04         1.4841058400961310E-04         0.0000000000000000E+00
                         10202                           5056                           5146                              0
configuration                   17                11527         1.6000000000000003E+00
        1.3880164102993820E-04         1.3762530789106388E-04         1.3995794028256640E-04         0.0000000000000000E+00
                         11527                           5714                           5813                              0
configuration                   18                13057         1.7000000000000004E+00
        1.3018830632721719E-04         1.2904226772171364E-04         1.3131295453082758E-04         0.0000000000000000E+00
                         13057                           6467                           6590                              0
configuration                   19                14643         1.8000000000000005E+00
        1.2292207897613997E-04         1.2196608575530220E-04         1.2385855685611687E-04         0.0000000000000000E+00
                         14643                           7246                           7397                              0
configuration                   20                16392         1.9000000000000006E+00
        1.1590020733155744E-04         1.1522715609737353E-04         1.1655911985817805E-04         0.0000000000000000E+00
                         16392                           8109                           8283                              0
configuration                   21                18217         2.0000000000000004E+00
        1.0978561234293869E-04         1.0918649781417813E-04         1.1036997963704019E-04         0.0000000000000000E+00
                         18217                           8995                           9222                              0
configuration                   22                20285         2.1000000000000005E+00
        1.0352303455946341E-04         1.0290235792613350E-04         1.0413009322667961E-04         0.0000000000000000E+00
                         20285                          10030                          10255                              0
configuration                   23                22507         2.2000000000000006E+00
        9.7744591720280431E-05         9.7430680183686902E-05         9.8050326469787454E-05         0.0000000000000000E+00
                         22507                          11105                          11402                              0
configuration                   24                24893         2.3000000000000007E+00
        9.2394759440656124E-05         9.2105006737525509E-05         9.2676952978032795E-05         0.0000000000000000E+00
                         24893                          12282                          12611                              0
configuration                   25                27531         2.4000000000000008E+00
        8.7171176183976638E-05         8.7022712639045331E-05         8.7315481771306903E-05         0.0000000000000000E+00
                         27531                          13570                          13961                              0
configuration                   26                30263         2.5000000000000009E+00
        8.2609049049075912E-05         8.2583909465449082E-05         8.2633347324913560E-05         0.0000000000000000E+00
                         30263                          14874                          15389                              0
configuration                   27                33187         2.6000000000000010E+00
        7.8343747534070105E-05         7.8337382424175503E-05         7.8349895835825746E-05         0.0000000000000000E+00
                         33187                          16306                          16881                              0
configuration                   28                36168         2.7000000000000011E+00
        7.4649890403893801E-05         7.4653621432786311E-05         7.4646284736598045E-05         0.0000000000000000E+00
                         36168                          17775                          18393                              0
configuration                   29                39228         2.8000000000000012E+00
        7.1375797370398536E-05         7.1477516424017461E-05         7.1277774969576185E-05         0.0000000000000000E+00
                         39228                          19251                          19977                              0
configuration                   30                42501         2.9000000000000012E+00
        6.8230578723864474E-05         6.8363039820703019E-05         6.8103234150078797E-05         0.0000000000000000E+00
                         42501                          20832                          21669                              0
configuration                   31                45890         3.0000000000000013E+00
        6.5371688446765898E-05         6.5484041583653823E-05         6.5263892759921113E-05         0.0000000000000000E+00
                         45890                          22470                          23420                              0
configuration                   32                49301         3.1000000000000014E+00
        6.2878383830188678E-05         6.2936119485062979E-05         6.2823053923156540E-05         0.0000000000000000E+00
                         49301                          24126                          25175                              0
configuration                   33                52745         3.2000000000000015E+00
        6.0668723730559731E-05         6.0768809802756290E-05         6.0573043286474690E-05         0.0000000000000000E+00
                         52745                          25779                          26966                              0
configuration                   34                56207         3.3000000000000016E+00
        5.8711486211945692E-05         5.8833903177961969E-05         5.8594666350003084E-05         0.0000000000000000E+00
                         56207                          27446                          28761                              0
configuration                   35                59703         3.4000000000000017E+00
        5.6947468179532091E-05         5.7086226516192524E-05         5.6815241302307370E-05         0.0000000000000000E+00
                         59703                          29132                          30571                              0
configuration                   36                63194         3.5000000000000018E+00
        5.5384937636358106E-05         5.5592998264291521E-05         5.5186738737605569E-05         0.0000000000000000E+00
                         63194                          30830                          32364                              0
configuration                   37                66615         3.6000000000000019E+00
        5.4041701443420193E-05         5.4243442470031584E-05         5.3849730086843024E-05         0.0000000000000000E+00
                         66615                          32481                          34134                              0
configuration                   38                69965         3.7000000000000020E+00
        5.2883208034562980E-05         5.3051207846606480E-05         5.2723338757355165E-05         0.0000000000000000E+00
                         69965                          34115                          35850                              0
configuration                   39                73045         3.8000000000000020E+00
        5.2021819409328247E-05         5.2186461590907957E-05         5.1865418127119305E-05         0.0000000000000000E+00
                         73045                          35585                          37460                              0
configuration                   40                75992         3.9000000000000021E+00
        5.1320781133080145E-05         5.1490060550079317E-05         5.1159997393702632E-05         0.0000000000000000E+00
                         75992                          37018                          38974                              0
configuration                   41                78857         4.0000000000000018E+00
        5.0724691145439224E-05         5.0885492072926715E-05         5.0571825651838525E-05         0.0000000000000000E+00
                         78857                          38431                          40426                              0
configuration                   42                81618         4.1000000000000014E+00
        5.0233902501107516E-05         5.0406034410297093E-05         5.0070342021482811E-05         0.0000000000000000E+00
                         81618                          39767                          41851                              0
configuration                   43                84115         4.2000000000000011E+00
        4.9931604245876432E-05         5.0045366958114258E-05         4.9823545623824836E-05         0.0000000000000000E+00
                         84115                          40976                          43139                              0
configuration                   44                86365         4.3000000000000007E+00
        4.9788478594420881E-05         4.9911880771523712E-05         4.9671209881441327E-05         0.0000000000000000E+00
                         86365                          42082                          44283                              0
configuration                   45                88482         4.4000000000000004E+00
        4.9726471226097698E-05         4.9857365230426761E-05         4.9602097255485055E-05         0.0000000000000000E+00
                         88482                          43111                          45371                              0
configuration                   46                90483         4.5000000000000000E+00
        4.9732662693967407E-05         4.9831045295528055E-05         4.9639151505119936E-05         0.0000000000000000E+00
                         90483                          44093                          46390                              0
configuration                   47                92365         4.5999999999999996E+00
        4.9801910124054584E-05         4.9882678775234812E-05         4.9725127794974997E-05         0.0000000000000000E+00
                         92365                          45014                          47351                              0
configuration                   48                93993         4.6999999999999993E+00
        5.0003711857960086E-05         5.0073207314794956E-05         4.9937630592621902E-05         0.0000000000000000E+00
                         93993                          45813                          48180                              0
configuration                   49                95590         4.7999999999999989E+00
        5.0213704858865680E-05         5.0278996995690855E-05         5.0151577221914013E-05         0.0000000000000000E+00
                         95590                          46608                          48982                              0
configuration                   50                97034         4.8999999999999986E+00
        5.0497639397763273E-05         5.0575029936160331E-05         5.0423990826305959E-05         0.0000000000000000E+00
                         97034                          47315                          49719                              0
configuration                   51                98364         4.9999999999999982E+00
        5.0830174720881751E-05         5.0886294383163320E-05         5.0776732727465070E-05         0.0000000000000000E+00
                         98364                          47980                          50384                              0
configuration                   52                99633         5.0999999999999979E+00
        5.1187514627400803E-05         5.1246321841420800E-05         5.1131504299690727E-05         0.0000000000000000E+00
                         99633                          48603                          51030                              0
configuration                   53               100723         5.1999999999999975E+00
        5.1625839137817407E-05         5.1684651354653192E-05         5.1569805621493419E-05         0.0000000000000000E+00
                        100723                          49143                          51580                              0
configuration                   54               101727         5.2999999999999972E+00
        5.2099718418276675E-05         5.2132165870555262E-05         5.2068796534470472E-05         0.0000000000000000E+00
                        101727                          49639                          52088                              0
configuration                   55               102623         5.3999999999999968E+00
        5.2618118964941918E-05         5.2700912567517342E-05         5.2539215618612862E-05         0.0000000000000000E+00
                        102623                          50077                          52546                              0
configuration                   56               103419         5.4999999999999964E+00
        5.3178803006359843E-05         5.3323901062803633E-05         5.3040455417662783E-05         0.0000000000000000E+00
                        103419                          50478                          52941                              0
configuration                   57               104122         5.5999999999999961E+00
        5.3782654759001420E-05         5.3945828146476673E-05         5.3627061575795312E-05         0.0000000000000000E+00
                        104122                          50823                          53299                              0
configuration                   58               104762         5.6999999999999957E+00
        5.4408413711428408E-05         5.4590680303445411E-05         5.4234570405777891E-05         0.0000000000000000E+00
                        104762                          51142                          53620                              0
configuration                   59               105376         5.7999999999999954E+00
        5.5034656017655992E-05         5.5243477071102505E-05         5.4835438068579993E-05         0.0000000000000000E+00
                        105376                          51448                          53928                              0
configuration                   60               105944         5.8999999999999950E+00
        5.5688095228355156E-05         5.5851779186326332E-05         5.5531911011254275E-05         0.0000000000000000E+00
                        105944                          51730                          54214                              0
configuration                   61               106450         5.9999999999999947E+00
        5.6364234236436723E-05         5.6644772648792760E-05         5.6096479879076614E-05         0.0000000000000000E+00
                        106450                          51984                          54466                              0
configuration                   62               106953         6.0999999999999943E+00
        5.7034312477133066E-05         5.7310239063351741E-05         5.6770936488912249E-05         0.0000000000000000E+00
                        106953                          52232                          54721                              0
configuration                   63               107369         6.1999999999999940E+00
        5.7744390202302010E-05         5.7992861354324946E-05         5.7507195717041684E-05         0.0000000000000000E+00
                        107369                          52438                          54931                              0
configuration                   64               107775         6.2999999999999936E+00
        5.8445829911569304E-05         5.8789536181895055E-05         5.8117652858215818E-05         0.0000000000000000E+00
                        107775                          52642                          55133                              0
configuration                   65               108137         6.3999999999999932E+00
        5.9184177372238426E-05         5.9563877179461492E-05         5.8821563472851248E-05         0.0000000000000000E+00
                        108137                          52824                          55313                              0
configuration                   66               108456         6.4999999999999929E+00
        5.9927101859071793E-05         6.0319467160891551E-05         5.9552348541487184E-05         0.0000000000000000E+00
                        108456                          52983                          55473                              0
configuration                   67               108744         6.5999999999999925E+00
        6.0690541700692789E-05         6.1122187430932444E-05         6.0278236132985115E-05         0.0000000000000000E+00
                        108744                          53126                          55618                              0
configuration                   68               109005         6.6999999999999922E+00
        6.1463340506201920E-05         6.2023577759589031E-05         6.0928156105289953E-05         0.0000000000000000E+00
                        109005                          53256                          55749                              0
configuration                   69               109239         6.7999999999999918E+00
        6.2248788641732747E-05         6.2981202313647618E-05         6.1549058664444765E-05         0.0000000000000000E+00
                        109239                          53373                          55866                              0
configuration                   70               109410         6.8999999999999915E+00
        6.3062530277571813E-05         6.3874831730182345E-05         6.2286436285333578E-05         0.0000000000000000E+00
                        109410                          53458                          55952                              0
configuration                   71               109599         6.9999999999999911E+00
        6.3867884127587877E-05         6.4815147649282471E-05         6.2962756136698689E-05         0.0000000000000000E+00
                        109599                          53553                          56046                              0
configuration                   72               109769         7.0999999999999908E+00
        6.4681199804940293E-05         6.5808900132421851E-05         6.3603545825502520E-05         0.0000000000000000E+00
                        109769                          53639                          56130                              0
configuration                   73               109932         7.1999999999999904E+00
        6.5488082774592946E-05         6.6809747077026805E-05         6.4225056701220273E-05         0.0000000000000000E+00
                        109932                          53719                          56213                              0
configuration                   74               110084         7.2999999999999901E+00
        6.6312062958874819E-05         6.8008263304703253E-05         6.4691075191890469E-05         0.0000000000000000E+00
                        110084                          53794                          56290                              0
configuration                   75               110215         7.3999999999999897E+00
        6.7128704336159964E-05         6.9181389864621218E-05         6.5166897175074459E-05         0.0000000000000000E+00
                        110215                          53860                          56355                              0
configuration                   76               110334         7.4999999999999893E+00
        6.7965601109772097E-05         7.0305511099493835E-05         6.5729217049932369E-05         0.0000000000000000E+00
                        110334                          53919                          56415                              0
configuration                   77               110419         7.5999999999999890E+00
        6.8822209885937690E-05         7.1640206656367147E-05         6.6128748637094090E-05         0.0000000000000000E+00
                        110419                          53962                          56457                              0
configuration                   78               110524         7.6999999999999886E+00
        6.9664250999931603E-05         7.2838612479902553E-05         6.6630098443230134E-05         0.0000000000000000E+00
                        110524                          54014                          56510                              0
configuration                   79               110588         7.7999999999999883E+00
        7.0475943793794316E-05         7.4241043105219097E-05         6.6877051689070196E-05         0.0000000000000000E+00
                        110588                          54046                          56542                              0
configuration                   80               110679         7.8999999999999879E+00
        7.1371940705557631E-05         7.5755667813935603E-05         6.7181498258592337E-05         0.0000000000000000E+00
                        110679                          54092                          56587                              0
configuration                   81               110762         7.9999999999999876E+00
        7.2176095229853566E-05         7.7132179253439477E-05         6.7438457333213672E-05         0.0000000000000000E+00
                        110762                          54133                          56629                              0
