               Entry              Nevents                           Time                    Temperature                         Energy                 CO*                  OH*                   OH                  CO2
                   1                    0         0.0000000000000000E+00         1.0500000000000000E+01        -3.3695999999998544E+03                   0                 2496                    0                    0
                   2                  319         1.0000000000000001E-01         1.0494999999999999E+01        -3.3655499999998547E+03                   0                 2493                    3                    0
                   3                  712         2.0000000000000001E-01         1.0490000000000000E+01        -3.3641999999998548E+03                   0                 2492                    4                    0
                   4                 1122         3.0000000000000004E-01         1.0484999999999999E+01        -3.3614999999998549E+03                   0                 2490                    6                    0
                   5                 1543         4.0000000000000002E-01         1.0480000000000000E+01        -3.3493499999998558E+03                   0                 2481                   15                    0
                   6                 2046         5.0000000000000000E-01         1.0475000000000000E+01        -3.3560999999998553E+03                   0                 2486                   10                    0
                   7                 2550         5.9999999999999998E-01         1.0470000000000001E+01        -3.3506999999998557E+03                   0                 2482                   14                    0
                   8                 3113         6.9999999999999996E-01         1.0465000000000000E+01        -3.3412499999998563E+03                   0                 2475                   21                    0
                   9                 3705         7.9999999999999993E-01         1.0460000000000001E+01        -3.3547499999998554E+03                   0                 2485                   11                    0
                  10                 4310         8.9999999999999991E-01         1.0455000000000000E+01        -3.3425999999998562E+03                   0                 2476                   20                    0
                  11                 5100         9.9999999999999989E-01         1.0449999999999999E+01        -3.3182999999998578E+03                   0                 2458                   38                    0
                  12                 5942         1.0999999999999999E+00         1.0445000000000000E+01        -3.3263999999998573E+03                   0                 2464                   32                    0
                  13                 6941         1.2000000000000000E+00         1.0440000000000000E+01        -3.3115499999998583E+03                   0                 2453                   43                    0
                  14                 7918         1.3000000000000000E+00         1.0435000000000000E+01        -3.3155999999998580E+03                   0                 2456                   40                    0
                  15                 8999         1.4000000000000001E+00         1.0430000000000000E+01        -3.3061499999998587E+03                   0                 2449                   47                    0
                  16                10202         1.5000000000000002E+00         1.0425000000000001E+01        -3.2480999999998626E+03                   0                 2406                   90                    0
                  17                11527         1.6000000000000003E+00         1.0420000000000000E+01        -3.2359499999998634E+03                   0                 2397                   99                    0
                  18                13057         1.7000000000000004E+00         1.0414999999999999E+01        -3.2035499999998656E+03                   0                 2373                  123                    0
                  19                14643         1.8000000000000005E+00         1.0410000000000000E+01        -3.1657499999998681E+03                   0                 2345                  151                    0
                  20                16392         1.9000000000000006E+00         1.0404999999999999E+01        -3.1346999999998702E+03                   0                 2322                  174                    0
                  21                18217         2.0000000000000004E+00         1.0400000000000000E+01        -3.0631499999998750E+03                   0                 2269                  227                    0
                  22                20285         2.1000000000000005E+00         1.0395000000000000E+01        -3.0658499999998749E+03                   0                 2271                  225                    0
                  23                22507         2.2000000000000006E+00         1.0390000000000001E+01        -2.9686499999998814E+03                   0                 2199                  297                    0
                  24                24893         2.3000000000000007E+00         1.0385000000000000E+01        -2.9254499999998843E+03                   0                 2167                  329                    0
                  25                27531         2.4000000000000008E+00         1.0380000000000001E+01        -2.8417499999998900E+03                   0                 2105                  391                    0
                  26                30263         2.5000000000000009E+00         1.0375000000000000E+01        -2.6743499999999012E+03                   0                 1981                  515                    0
                  27                33187         2.6000000000000010E+00         1.0369999999999999E+01        -2.5933499999999067E+03                   0                 1921                  575                    0
                  28                36168         2.7000000000000011E+00         1.0365000000000000E+01        -2.5352999999999106E+03                   0                 1878                  618                    0
                  29                39228         2.8000000000000012E+00         1.0359999999999999E+01        -2.3894999999999204E+03                   0                 1770                  726                    0
                  30                42501         2.9000000000000012E+00         1.0355000000000000E+01        -2.2396499999999305E+03                   0                 1659                  837                    0
                  31                45890         3.0000000000000013E+00         1.0350000000000000E+01        -2.0870999999999408E+03                   0                 1546                  950                    0
                  32                49301         3.1000000000000014E+00         1.0345000000000001E+01        -1.9534499999999498E+03                   0                 1447                 1049                    0
                  33                52745         3.2000000000000015E+00         1.0340000000000000E+01        -1.7671499999999623E+03                   0                 1309                 1187                    0
                  34                56207         3.3000000000000016E+00         1.0334999999999999E+01        -1.5943499999999740E+03                   0                 1181                 1315                    0
                  35                59703         3.4000000000000017E+00         1.0330000000000000E+01        -1.4269499999999853E+03                   0                 1057                 1439                    0
                  36                63194         3.5000000000000018E+00         1.0324999999999999E+01        -1.2986999999999939E+03                   0                  962                 1534                    0
                  37                66615         3.6000000000000019E+00         1.0320000000000000E+01        -1.1380500000000047E+03                   0                  843                 1653                    0
                  38                69965         3.7000000000000020E+00         1.0315000000000000E+01        -1.0273500000000122E+03                   0                  761                 1735                    0
                  39                73045         3.8000000000000020E+00         1.0310000000000000E+01        -8.3835000000000923E+02                   0                  621                 1875                    0
                  40                75992         3.9000000000000021E+00         1.0305000000000000E+01        -7.2900000000000739E+02                   0                  540                 1956                    0
                  41                78857         4.0000000000000018E+00         1.0300000000000001E+01        -6.7635000000000650E+02                   0                  501                 1995                    0
                  42                81618         4.1000000000000014E+00         1.0295000000000000E+01        -5.5620000000000448E+02                   0                  412                 2084                    0
                  43                84115         4.2000000000000011E+00         1.0289999999999999E+01        -4.4955000000000268E+02                   0                  333                 2163                    0
                  44                86365         4.3000000000000007E+00         1.0285000000000000E+01        -3.9825000000000182E+02                   0                  295                 2201                    0
                  45                88482         4.4000000000000004E+00         1.0279999999999999E+01        -3.1860000000000048E+02                   0                  236                 2260                    0
                  46                90483         4.5000000000000000E+00         1.0275000000000000E+01        -2.6864999999999964E+02                   0                  199                 2297                    0
                  47                92365         4.5999999999999996E+00         1.0270000000000000E+01        -2.1464999999999961E+02                   0                  159                 2337                    0
                  48                93993         4.6999999999999993E+00         1.0265000000000001E+01        -1.7414999999999978E+02                   0                  129                 2367                    0
                  49                95590         4.7999999999999989E+00         1.0260000000000000E+01        -1.6469999999999982E+02                   0                  122                 2374                    0
                  50                97034         4.8999999999999986E+00         1.0255000000000001E+01        -1.2419999999999999E+02                   0                   92                 2404                    0
                  51                98364         4.9999999999999982E+00         1.0250000000000000E+01        -1.2419999999999999E+02                   0                   92                 2404                    0
                  52                99633         5.0999999999999979E+00         1.0245000000000001E+01        -9.3150000000000119E+01                   0                   69                 2427                    0
                  53               100723         5.1999999999999975E+00         1.0240000000000000E+01        -7.9650000000000176E+01                   0                   59                 2437                    0
                  54               101727         5.2999999999999972E+00         1.0234999999999999E+01        -6.3450000000000237E+01                   0                   47                 2449                    0
                  55               102623         5.3999999999999968E+00         1.0230000000000000E+01        -3.6450000000000209E+01                   0                   27                 2469                    0
                  56               103419         5.4999999999999964E+00         1.0225000000000000E+01        -4.4550000000000217E+01                   0                   33                 2463                    0
                  57               104122         5.5999999999999961E+00         1.0220000000000001E+01        -2.7000000000000199E+01                   0                   20                 2476                    0
                  58               104762         5.6999999999999957E+00         1.0215000000000000E+01        -2.4300000000000196E+01                   0                   18                 2478                    0
                  59               105376         5.7999999999999954E+00         1.0210000000000001E+01        -2.1600000000000193E+01                   0                   16                 2480                    0
                  60               105944         5.8999999999999950E+00         1.0205000000000000E+01        -1.6200000000000188E+01                   0                   12                 2484                    0
                  61               106450         5.9999999999999947E+00         1.0200000000000001E+01        -1.8900000000000190E+01                   0                   14                 2482                    0
                  62               106953         6.0999999999999943E+00         1.0195000000000000E+01        -9.4500000000001894E+00                   0                    7                 2489                    0
                  63               107369         6.1999999999999940E+00         1.0190000000000000E+01        -4.0500000000001908E+00                   0                    3                 2493                    0
                  64               107775         6.2999999999999936E+00         1.0185000000000000E+01        -6.7500000000001901E+00                   0                    5                 2491                    0
                  65               108137         6.3999999999999932E+00         1.0180000000000000E+01        -9.4500000000001894E+00                   0                    7                 2489                    0
                  66               108456         6.4999999999999929E+00         1.0175000000000001E+01        -8.1000000000001897E+00                   0                    6                 2490                    0
                  67               108744         6.5999999999999925E+00         1.0170000000000000E+01        -5.4000000000001904E+00                   0                    4                 2492                    0
                  68               109005         6.6999999999999922E+00         1.0165000000000001E+01        -4.0500000000001908E+00                   0                    3                 2493                    0
                  69               109239         6.7999999999999918E+00         1.0160000000000000E+01        -4.0500000000001908E+00                   0                    3                 2493                    0
                  70               109410         6.8999999999999915E+00         1.0155000000000001E+01        -2.7000000000001907E+00                   0                    2                 2494                    0
                  71               109599         6.9999999999999911E+00         1.0150000000000000E+01        -4.0500000000001908E+00                   0                    3                 2493                    0
                  72               109769         7.0999999999999908E+00         1.0145000000000000E+01        -6.7500000000001901E+00                   0                    5                 2491                    0
                  73               109932         7.1999999999999904E+00         1.0140000000000001E+01        -2.7000000000001907E+00                   0                    2                 2494                    0
                  74               110084         7.2999999999999901E+00         1.0135000000000000E+01        -1.9051427102567686E-13                   0                    0                 2496                    0
                  75               110215         7.3999999999999897E+00         1.0130000000000001E+01        -1.3500000000001906E+00                   0                    1                 2495                    0
                  76               110334         7.4999999999999893E+00         1.0125000000000000E+01        -1.9051427102567686E-13                   0                    0                 2496                    0
                  77               110419         7.5999999999999890E+00         1.0120000000000001E+01        -1.3500000000001906E+00                   0                    1                 2495                    0
                  78               110524         7.6999999999999886E+00         1.0115000000000000E+01        -1.9051427102567686E-13                   0                    0                 2496                    0
                  79               110588         7.7999999999999883E+00         1.0110000000000001E+01        -1.9051427102567686E-13                   0                    0                 2496                    0
                  80               110679         7.8999999999999879E+00         1.0105000000000000E+01        -1.3500000000001906E+00                   0                    1                 2495                    0
                  81               110762         7.9999999999999876E+00         1.0100000000000001E+01        -1.9051427102567686E-13                   0                    0                 2496                    0
