                                                         Overall                                                    OH_adsorption                                                    OH_desorption                                                     CO_oxidation
configuration                    1                    0         0.0000000000000000E+00
        0.0000000000000000E+00         0.0000000000000000E+00         0.0000000000000000E+00         0.0000000000000000E+00
                             0                              0                              0                              0
configuration                    2                   53         5.0000000000000003E-02
        9.3888659223226464E-04         1.1977961086038845E-03         4.2246648166593265E-04         6.9064839552805310E-04
                            53                             27                              2                             24
configuration                    3                  118         1.0000000000000001E-01
        8.3431339561202387E-04         1.0995166732571632E-03         4.3040334971152416E-04         5.7654083769484909E-04
                           118                             59                              3                             56
configuration                    4                  175         1.5000000000000002E-01
        8.5160176370551116E-04         1.0245694875304094E-03         7.1960112841301660E-04         6.7457577388116039E-04
                           175                             88                              4                             83
configuration                    5                  242         2.0000000000000001E-01
        8.2261865459481098E-04         9.7789386959892485E-04         8.1301464435585918E-04         6.5557132575561549E-04
                           242                            122                              7                            113
configuration                    6                  351         2.5000000000000000E-01
        7.1127106709076586E-04         8.5167253346576141E-04         7.6156828497688693E-04         5.5469994416163773E-04
                           351                            176                             13                            162
configuration                    7                  479         2.9999999999999999E-01
        6.2553322634375803E-04         7.5043892647093857E-04         6.2509067410256925E-04         4.8697358368254953E-04
                           479                            243                             17                            219
configuration                    8                  622         3.4999999999999998E-01
        5.6173683760557395E-04         6.6489189178943757E-04         5.4173057083961183E-04         4.4882809564791441E-04
                           622                            313                             28                            281
configuration                    9                  799         3.9999999999999997E-01
        5.0057832163241309E-04         5.8649892999122235E-04         4.6513355335991329E-04         4.0747577432876086E-04
                           799                            402                             42                            355
configuration                   10                  985         4.4999999999999996E-01
        4.5654593796531982E-04         5.2551994304722419E-04         4.1422977897000152E-04         3.8201495277431389E-04
                           985                            499                             56                            430
configuration                   11                 1225         4.9999999999999994E-01
        4.0812581137915111E-04         4.6917296771468726E-04         3.2000674928797006E-04         3.5135805824206164E-04
                          1225                            615                             93                            517
configuration                   12                 1514         5.4999999999999993E-01
        3.6324978310393750E-04         4.1026387740342684E-04         2.7755315431556764E-04         3.2300936793703671E-04
                          1514                            767                            132                            615
configuration                   13                 1825         5.9999999999999998E-01
        3.2863765754732866E-04         3.6780900597043842E-04         2.5627780479163200E-04         2.9660111862973024E-04
                          1825                            923                            180                            722
configuration                   14                 2169         6.5000000000000002E-01
        2.9961195636758883E-04         3.3199865134713103E-04         2.3189975264703940E-04         2.7632255251858548E-04
                          2169                           1094                            234                            841
configuration                   15                 2516         7.0000000000000007E-01
        2.7815633854221000E-04         3.0506872184881746E-04         2.1435166184426523E-04         2.6197296119546216E-04
                          2516                           1273                            297                            946
configuration                   16                 2993         7.5000000000000011E-01
        2.5057530023151045E-04         2.7453646570852575E-04         1.8847187330019462E-04         2.3936700336075811E-04
                          2993                           1511                            385                           1097
configuration                   17                 3453         8.0000000000000016E-01
        2.3165786046372143E-04         2.5134647637880939E-04         1.7384969134708525E-04         2.2613244366826639E-04
                          3453                           1752                            480                           1221
configuration                   18                 3965         8.5000000000000020E-01
        2.1436085085964798E-04         2.3224312720264783E-04         1.6045530664593734E-04         2.1097983371645137E-04
                          3965                           2011                            581                           1373
configuration                   19                 4589         9.0000000000000024E-01
        1.9609849077781741E-04         2.1136005582301278E-04         1.4624049694845879E-04         1.9597285095496316E-04
                          4589                           2329                            709                           1551
configuration                   20                 5283         9.5000000000000029E-01
        1.7980689488717694E-04         1.9346923038005196E-04         1.3118215149022158E-04         1.8366272319709148E-04
                          5283                           2675                            888                           1720
configuration                   21                 6043         1.0000000000000002E+00
        1.6545594618882478E-04         1.7783557502882547E-04         1.2033408788155711E-04         1.7075258271761126E-04
                          6043                           3062                           1065                           1916
configuration                   22                 6839         1.0500000000000003E+00
        1.5353035210475993E-04         1.6461187090678582E-04         1.1039673332848555E-04         1.6126345785981848E-04
                          6839                           3468                           1268                           2103
configuration                   23                 7717         1.1000000000000003E+00
        1.4253572836869688E-04         1.5208496582173406E-04         1.0266476291560903E-04         1.5249045950411496E-04
                          7717                           3906                           1510                           2301
configuration                   24                 8573         1.1500000000000004E+00
        1.3414147449839476E-04         1.4289193331127781E-04         9.6371471026264477E-05         1.4562427955287834E-04
                          8573                           4339                           1758                           2476
configuration                   25                 9611         1.2000000000000004E+00
        1.2485682140248462E-04         1.3245875452398811E-04         8.9856084886826655E-05         1.3739254468062484E-04
                          9611                           4880                           2028                           2703
configuration                   26                10689         1.2500000000000004E+00
        1.1692971655400388E-04         1.2374119490819724E-04         8.4105912499605413E-05         1.3099061565807971E-04
                         10689                           5424                           2367                           2898
configuration                   27                11899         1.3000000000000005E+00
        1.0925040633795162E-04         1.1539021519634678E-04         7.8638234222603825E-05         1.2421897350423794E-04
                         11899                           6028                           2740                           3131
configuration                   28                13162         1.3500000000000005E+00
        1.0256271088566985E-04         1.0822049709538554E-04         7.3312505202789181E-05         1.1866942699377157E-04
                         13162                           6663                           3139                           3360
configuration                   29                14569         1.4000000000000006E+00
        9.6087473308056786E-05         1.0106539474573931E-04         6.8770915359018056E-05         1.1318535318071603E-04
                         14569                           7375                           3596                           3598
configuration                   30                16103         1.4500000000000006E+00
        9.0042589885080238E-05         9.4431700722744549E-05         6.4497624588846073E-05         1.0775984145280714E-04
                         16103                           8169                           4078                           3856
configuration                   31                17714         1.5000000000000007E+00
        8.4676885814044471E-05         8.8757587800082605E-05         6.0337495756652942E-05         1.0348630326082992E-04
                         17714                           8970                           4660                           4084
configuration                   32                19299         1.5500000000000007E+00
        8.0314542082204771E-05         8.4174484387490416E-05         5.7191331833024202E-05         9.9517489754414245E-05
                         19299                           9765                           5216                           4318
configuration                   33                21072         1.6000000000000008E+00
        7.5926463394233729E-05         7.9473763928987928E-05         5.3902744739076784E-05         9.5814156514051558E-05
                         21072                          10688                           5832                           4552
configuration                   34                22950         1.6500000000000008E+00
        7.1892029569995888E-05         7.5204814754766455E-05         5.1112751429996332E-05         9.2056000267633694E-05
                         22950                          11625                           6518                           4807
configuration                   35                24887         1.7000000000000008E+00
        6.8307897882474976E-05         7.1387456509076539E-05         4.8657518927217859E-05         8.8887446906245725E-05
                         24887                          12586                           7256                           5045
configuration                   36                26910         1.7500000000000009E+00
        6.5031443615013723E-05         6.7852541365438643E-05         4.6433333149980890E-05         8.5884565671718159E-05
                         26910                          13637                           7991                           5282
configuration                   37                29084         1.8000000000000009E+00
        6.1888624448717752E-05         6.4599773715811806E-05         4.4117183675106982E-05         8.3066443048231681E-05
                         29084                          14711                           8839                           5534
configuration                   38                31305         1.8500000000000010E+00
        5.9095432428769790E-05         6.1556921782379150E-05         4.2253534303826758E-05         8.0609953275260013E-05
                         31305                          15840                           9691                           5774
configuration                   39                33591         1.9000000000000010E+00
        5.6561471505268852E-05         5.8883218698214037E-05         4.0521580936611378E-05         7.8376212176236511E-05
                         33591                          16978                          10615                           5998
configuration                   40                35990         1.9500000000000011E+00
        5.4181580853197885E-05         5.6404847234249233E-05         3.8800634157337267E-05         7.6402895479158711E-05
                         35990                          18191                          11594                           6205
configuration                   41                38410         2.0000000000000009E+00
        5.2069075292080302E-05         5.4173740432518613E-05         3.7303191893777424E-05         7.4723907588496161E-05
                         38410                          19409                          12595                           6406
configuration                   42                40888         2.0500000000000007E+00
        5.0136928633696825E-05         5.2093072072118941E-05         3.6045470155156097E-05         7.2988658713831703E-05
                         40888                          20664                          13604                           6620
configuration                   43                43476         2.1000000000000005E+00
        4.8302427331880371E-05         5.0129179272185124E-05         3.4809558801557406E-05         7.1513694277796256E-05
                         43476                          21971                          14693                           6812
configuration                   44                46244         2.1500000000000004E+00
        4.6492343388158099E-05         4.8224468800957856E-05         3.3544222216111752E-05         7.0039857050620128E-05
                         46244                          23368                          15869                           7007
configuration                   45                49104         2.2000000000000002E+00
        4.4802650602118507E-05         4.6440630679993313E-05         3.2380626744200753E-05         6.8720549185155962E-05
                         49104                          24787                          17122                           7195
configuration                   46                51809         2.2500000000000000E+00
        4.3428369964718479E-05         4.4961867791326996E-05         3.1529122082602575E-05         6.7442189454912081E-05
                         51809                          26169                          18262                           7378
configuration                   47                54636         2.2999999999999998E+00
        4.2095600007199059E-05         4.3563245755555178E-05         3.0640569814685309E-05         6.6424449137057095E-05
                         54636                          27577                          19528                           7531
configuration                   48                57605         2.3499999999999996E+00
        4.0794946626898480E-05         4.2213650850677007E-05         2.9779567236194641E-05         6.5139811067342534E-05
                         57605                          29044                          20829                           7732
configuration                   49                60563         2.3999999999999995E+00
        3.9628144826808241E-05         4.0970757041362089E-05         2.9041077977177661E-05         6.4039839205356453E-05
                         60563                          30541                          22112                           7910
configuration                   50                63620         2.4499999999999993E+00
        3.8509790552913639E-05         3.9785491729013511E-05         2.8310626364101616E-05         6.2989252958447445E-05
                         63620                          32092                          23436                           8092
configuration                   51                66753         2.4999999999999991E+00
        3.7450575343357025E-05         3.8695553359351425E-05         2.7587692737023891E-05         6.2085069907415522E-05
                         66753                          33665                          24843                           8245
configuration                   52                69911         2.5499999999999989E+00
        3.6474840519280760E-05         3.7664459710584809E-05         2.6940611074903114E-05         6.1428509608814195E-05
                         69911                          35257                          26290                           8364
configuration                   53                73287         2.5999999999999988E+00
        3.5476837242781591E-05         3.6604081506283518E-05         2.6270415488234872E-05         6.0680956961338915E-05
                         73287                          36968                          27813                           8506
configuration                   54                76568         2.6499999999999986E+00
        3.4609493854404454E-05         3.5712422575395777E-05         2.5681624454546554E-05         6.0113736130765480E-05
                         76568                          38594                          29364                           8610
configuration                   55                79860         2.6999999999999984E+00
        3.3809131466002575E-05         3.4853327578148024E-05         2.5186011530539574E-05         5.9520134990035757E-05
                         79860                          40236                          30896                           8728
configuration                   56                83235         2.7499999999999982E+00
        3.3038964255423410E-05         3.4039484020550213E-05         2.4688608437385017E-05         5.8903759957729316E-05
                         83235                          41932                          32449                           8854
configuration                   57                86720         2.7999999999999980E+00
        3.2287796138762647E-05         3.3271590943404054E-05         2.4182896726405675E-05         5.8356404850249165E-05
                         86720                          43651                          34111                           8958
configuration                   58                90215         2.8499999999999979E+00
        3.1591128232151348E-05         3.2535413654987812E-05         2.3724754873016108E-05         5.7889459621140803E-05
                         90215                          45434                          35726                           9055
configuration                   59                93748         2.8999999999999977E+00
        3.0933742297590694E-05         3.1846914628098973E-05         2.3298467371562366E-05         5.7394738943496819E-05
                         93748                          47210                          37381                           9157
configuration                   60                97269         2.9499999999999975E+00
        3.0328009283659817E-05         3.1207809423759925E-05         2.2920533585847027E-05         5.6939266701120144E-05
                         97269                          48972                          39047                           9250
configuration                   61               100657         2.9999999999999973E+00
        2.9804171371820385E-05         3.0673588680319602E-05         2.2583278550748602E-05         5.6552692230232191E-05
                        100657                          50657                          40668                           9332
