               Entry              Nevents                           Time                    Temperature                         Energy                 CO*                  OH*                   OH                  CO2
                   1                    0         0.0000000000000000E+00         1.0275000000000000E+01        -1.2869999999998190E+04                9900                    0                    0                    0
                   2                   53         5.0000000000000003E-02         1.0275000000000000E+01        -1.2840149999998208E+04                9876                    1                  -25                   24
                   3                  118         1.0000000000000001E-01         1.0275000000000000E+01        -1.2797199999998231E+04                9844                    0                  -56                   56
                   4                  175         1.5000000000000002E-01         1.0275000000000000E+01        -1.2763449999998251E+04                9817                    1                  -84                   83
                   5                  242         2.0000000000000001E-01         1.0275000000000000E+01        -1.2725799999998273E+04                9787                    2                 -115                  113
                   6                  351         2.5000000000000000E-01         1.0275000000000000E+01        -1.2660749999998308E+04                9738                    1                 -163                  162
                   7                  479         2.9999999999999999E-01         1.0275000000000000E+01        -1.2594749999998352E+04                9681                    7                 -226                  219
                   8                  622         3.4999999999999998E-01         1.0275000000000000E+01        -1.2510099999998396E+04                9619                    4                 -285                  281
                   9                  799         3.9999999999999997E-01         1.0275000000000000E+01        -1.2415249999998450E+04                9545                    5                 -360                  355
                  10                  985         4.4999999999999996E-01         1.0275000000000000E+01        -1.2328549999998508E+04                9470                   13                 -443                  430
                  11                 1225         4.9999999999999994E-01         1.0275000000000000E+01        -1.2204649999998568E+04                9383                    5                 -522                  517
                  12                 1514         5.4999999999999993E-01         1.0275000000000000E+01        -1.2097499999998645E+04                9285                   20                 -635                  615
                  13                 1825         5.9999999999999998E-01         1.0275000000000000E+01        -1.1959749999998723E+04                9178                   21                 -743                  722
                  14                 2169         6.5000000000000002E-01         1.0275000000000000E+01        -1.1802349999998809E+04                9059                   19                 -860                  841
                  15                 2516         7.0000000000000007E-01         1.0275000000000000E+01        -1.1680699999998889E+04                8954                   30                 -976                  946
                  16                 2993         7.5000000000000011E-01         1.0275000000000000E+01        -1.1483049999998999E+04                8803                   29                -1126                 1097
                  17                 3453         8.0000000000000016E-01         1.0275000000000000E+01        -1.1351549999999097E+04                8679                   51                -1272                 1221
                  18                 3965         8.5000000000000020E-01         1.0275000000000000E+01        -1.1162049999999210E+04                8527                   57                -1430                 1373
                  19                 4589         9.0000000000000024E-01         1.0275000000000000E+01        -1.0946849999999344E+04                8349                   69                -1620                 1551
                  20                 5283         9.5000000000000029E-01         1.0275000000000000E+01        -1.0724449999999466E+04                8180                   67                -1787                 1720
                  21                 6043         1.0000000000000002E+00         1.0275000000000000E+01        -1.0488549999999614E+04                7984                   81                -1997                 1916
                  22                 6839         1.0500000000000003E+00         1.0275000000000000E+01        -1.0267049999999756E+04                7797                   97                -2200                 2103
                  23                 7717         1.1000000000000003E+00         1.0275000000000000E+01        -1.0006949999999899E+04                7599                   95                -2396                 2301
                  24                 8573         1.1500000000000004E+00         1.0275000000000000E+01        -9.7929500000000298E+03                7424                  105                -2581                 2476
                  25                 9611         1.2000000000000004E+00         1.0275000000000000E+01        -9.5572500000002110E+03                7197                  149                -2852                 2703
                  26                10689         1.2500000000000004E+00         1.0275000000000000E+01        -9.3172500000003565E+03                7002                  159                -3057                 2898
                  27                11899         1.3000000000000005E+00         1.0275000000000000E+01        -9.0116500000005253E+03                6769                  157                -3288                 3131
                  28                13162         1.3500000000000005E+00         1.0275000000000000E+01        -8.7234000000006945E+03                6540                  164                -3524                 3360
                  29                14569         1.4000000000000006E+00         1.0275000000000000E+01        -8.4369500000008738E+03                6302                  181                -3779                 3598
                  30                16103         1.4500000000000006E+00         1.0275000000000000E+01        -8.1744500000010439E+03                6044                  235                -4091                 3856
                  31                17714         1.5000000000000007E+00         1.0275000000000000E+01        -7.8659000000009992E+03                5816                  226                -4310                 4084
                  32                19299         1.5500000000000007E+00         1.0275000000000000E+01        -7.5684500000009584E+03                5582                  231                -4549                 4318
                  33                21072         1.6000000000000008E+00         1.0275000000000000E+01        -7.3628000000009424E+03                5348                  304                -4856                 4552
                  34                22950         1.6500000000000008E+00         1.0275000000000000E+01        -7.0259000000008946E+03                5093                  300                -5107                 4807
                  35                24887         1.7000000000000008E+00         1.0275000000000000E+01        -6.6962500000008458E+03                4855                  285                -5330                 5045
                  36                26910         1.7500000000000009E+00         1.0275000000000000E+01        -6.4948000000008315E+03                4618                  364                -5646                 5282
                  37                29084         1.8000000000000009E+00         1.0275000000000000E+01        -6.1321000000007762E+03                4366                  338                -5872                 5534
                  38                31305         1.8500000000000010E+00         1.0275000000000000E+01        -5.8700500000007460E+03                4126                  375                -6149                 5774
                  39                33591         1.9000000000000010E+00         1.0275000000000000E+01        -5.5653500000007016E+03                3902                  365                -6363                 5998
                  40                35990         1.9500000000000011E+00         1.0275000000000000E+01        -5.3327000000006738E+03                3695                  392                -6597                 6205
                  41                38410         2.0000000000000009E+00         1.0275000000000000E+01        -5.0930000000006430E+03                3494                  408                -6814                 6406
                  42                40888         2.0500000000000007E+00         1.0275000000000000E+01        -4.8580000000006157E+03                3280                  440                -7060                 6620
                  43                43476         2.1000000000000005E+00         1.0275000000000000E+01        -4.6435000000005903E+03                3088                  466                -7278                 6812
                  44                46244         2.1500000000000004E+00         1.0275000000000000E+01        -4.4251000000005643E+03                2893                  492                -7499                 7007
                  45                49104         2.2000000000000002E+00         1.0275000000000000E+01        -4.1510000000005220E+03                2705                  470                -7665                 7195
                  46                51809         2.2500000000000000E+00         1.0275000000000000E+01        -3.9927500000005066E+03                2522                  529                -7907                 7378
                  47                54636         2.2999999999999998E+00         1.0275000000000000E+01        -3.7790000000004798E+03                2369                  518                -8049                 7531
                  48                57605         2.3499999999999996E+00         1.0275000000000000E+01        -3.4704500000004464E+03                2168                  483                -8215                 7732
                  49                60563         2.3999999999999995E+00         1.0275000000000000E+01        -3.2876500000004107E+03                1990                  519                -8429                 7910
                  50                63620         2.4499999999999993E+00         1.0275000000000000E+01        -3.1118000000003735E+03                1808                  564                -8656                 8092
                  51                66753         2.4999999999999991E+00         1.0275000000000000E+01        -2.9304500000003445E+03                1655                  577                -8822                 8245
                  52                69911         2.5499999999999989E+00         1.0275000000000000E+01        -2.8108500000003205E+03                1536                  603                -8967                 8364
                  53                73287         2.5999999999999988E+00         1.0275000000000000E+01        -2.6883500000002905E+03                1394                  649                -9155                 8506
                  54                76568         2.6499999999999986E+00         1.0275000000000000E+01        -2.5140000000002742E+03                1290                  620                -9230                 8610
                  55                79860         2.6999999999999984E+00         1.0275000000000000E+01        -2.3498000000002535E+03                1172                  612                -9340                 8728
                  56                83235         2.7499999999999982E+00         1.0275000000000000E+01        -2.2089500000002290E+03                1046                  629                -9483                 8854
                  57                86720         2.7999999999999980E+00         1.0275000000000000E+01        -2.0103000000002164E+03                 942                  582                -9540                 8958
                  58                90215         2.8499999999999979E+00         1.0275000000000000E+01        -1.9800500000002121E+03                 845                  653                -9708                 9055
                  59                93748         2.8999999999999977E+00         1.0275000000000000E+01        -1.8731000000002150E+03                 743                  672                -9829                 9157
                  60                97269         2.9499999999999975E+00         1.0275000000000000E+01        -1.7562500000002190E+03                 650                  675                -9925                 9250
                  61               100657         2.9999999999999973E+00         1.0275000000000000E+01        -1.6253500000002243E+03                 568                  657                -9989                 9332
